1723807879.000000, IBI
13.843750,0.843750
14.578125,0.734375
15.406250,0.828125
16.187500,0.781250
16.984375,0.796875
17.734375,0.750000
32.593750,0.734375
33.421875,0.828125
34.250000,0.828125
35.015625,0.765625
35.734375,0.718750
36.515625,0.781250
37.187500,0.671875
38.093750,0.906250
43.328125,0.765625
77.765625,0.828125
78.593750,0.828125
79.437500,0.843750
80.375000,0.937500
81.109375,0.734375
81.953125,0.843750
82.796875,0.843750
83.640625,0.843750
84.500000,0.859375
85.343750,0.843750
86.187500,0.843750
87.046875,0.859375
87.828125,0.781250
92.203125,0.750000
92.968750,0.765625
99.453125,0.796875
100.187500,0.734375
100.937500,0.750000
101.718750,0.781250
102.515625,0.796875
103.296875,0.781250
103.968750,0.671875
104.765625,0.796875
109.109375,0.796875
109.953125,0.843750
110.781250,0.828125
111.578125,0.796875
112.406250,0.828125
113.187500,0.781250
113.937500,0.750000
114.718750,0.781250
115.515625,0.796875
116.250000,0.734375
117.000000,0.750000
135.562500,0.812500
136.390625,0.828125
137.234375,0.843750
138.078125,0.843750
138.859375,0.781250
139.640625,0.781250
140.437500,0.796875
141.203125,0.765625
141.953125,0.750000
142.750000,0.796875
143.578125,0.828125
144.359375,0.781250
145.140625,0.781250
145.953125,0.812500
146.781250,0.828125
147.515625,0.734375
148.281250,0.765625
149.093750,0.812500
149.859375,0.765625
150.578125,0.718750
151.312500,0.734375
152.093750,0.781250
152.843750,0.750000
153.531250,0.687500
154.234375,0.703125
154.953125,0.718750
155.734375,0.781250
160.031250,0.718750
160.796875,0.765625
161.593750,0.796875
162.375000,0.781250
163.140625,0.765625
163.921875,0.781250
164.687500,0.765625
165.390625,0.703125
166.125000,0.734375
166.875000,0.750000
167.640625,0.765625
168.359375,0.718750
169.125000,0.765625
169.906250,0.781250
170.656250,0.750000
171.453125,0.796875
172.296875,0.843750
173.093750,0.796875
173.859375,0.765625
174.656250,0.796875
175.406250,0.750000
176.156250,0.750000
176.921875,0.765625
177.750000,0.828125
178.484375,0.734375
179.281250,0.796875
180.125000,0.843750
180.968750,0.843750
181.734375,0.765625
182.562500,0.828125
183.375000,0.812500
184.140625,0.765625
184.906250,0.765625
185.687500,0.781250
186.484375,0.796875
187.203125,0.718750
187.968750,0.765625
188.734375,0.765625
189.437500,0.703125
190.109375,0.671875
190.859375,0.750000
191.656250,0.796875
199.000000,0.781250
199.734375,0.734375
200.500000,0.765625
208.093750,0.687500
208.843750,0.750000
209.625000,0.781250
210.406250,0.781250
211.234375,0.828125
212.062500,0.828125
212.890625,0.828125
213.687500,0.796875
214.437500,0.750000
215.187500,0.750000
215.906250,0.718750
216.640625,0.734375
217.406250,0.765625
218.125000,0.718750
225.687500,0.750000
231.453125,0.687500
232.171875,0.718750
232.859375,0.687500
233.578125,0.718750
253.328125,0.703125
260.859375,0.796875
261.671875,0.812500
262.500000,0.828125
263.296875,0.796875
264.062500,0.765625
264.828125,0.765625
265.500000,0.671875
266.265625,0.765625
277.203125,0.796875
277.953125,0.750000
278.734375,0.781250
279.562500,0.828125
280.375000,0.812500
281.140625,0.765625
281.890625,0.750000
282.609375,0.718750
283.328125,0.718750
284.031250,0.703125
284.750000,0.718750
285.453125,0.703125
286.234375,0.781250
286.984375,0.750000
287.703125,0.718750
288.484375,0.781250
289.296875,0.812500
290.062500,0.765625
290.812500,0.750000
291.562500,0.750000
292.328125,0.765625
293.078125,0.750000
293.796875,0.718750
294.500000,0.703125
295.062500,0.562500
298.843750,0.687500
299.546875,0.703125
300.312500,0.765625
301.078125,0.765625
301.781250,0.703125
302.500000,0.718750
303.234375,0.734375
304.000000,0.765625
304.718750,0.718750
305.484375,0.765625
306.265625,0.781250
306.984375,0.718750
307.765625,0.781250
308.546875,0.781250
309.281250,0.734375
310.031250,0.750000
335.140625,0.703125
335.859375,0.718750
336.562500,0.703125
337.312500,0.750000
343.984375,0.640625
344.640625,0.656250
345.406250,0.765625
346.218750,0.812500
347.031250,0.812500
347.859375,0.828125
348.718750,0.859375
349.546875,0.828125
350.328125,0.781250
351.109375,0.781250
351.890625,0.781250
352.687500,0.796875
353.421875,0.734375
354.156250,0.734375
354.890625,0.734375
359.765625,0.828125
360.578125,0.812500
361.421875,0.843750
362.218750,0.796875
362.984375,0.765625
363.750000,0.765625
364.515625,0.765625
365.296875,0.781250
366.109375,0.812500
366.906250,0.796875
367.703125,0.796875
368.421875,0.718750
369.156250,0.734375
369.875000,0.718750
375.140625,0.796875
375.812500,0.671875
376.640625,0.828125
377.578125,0.937500
386.671875,0.687500
387.375000,0.703125
388.156250,0.781250
388.859375,0.703125
389.531250,0.671875
390.265625,0.734375
391.000000,0.734375
391.703125,0.703125
392.390625,0.687500
393.140625,0.750000
393.812500,0.671875
394.531250,0.718750
395.250000,0.718750
400.265625,0.687500
401.000000,0.734375
401.718750,0.718750
402.468750,0.750000
403.156250,0.687500
403.859375,0.703125
404.531250,0.671875
405.171875,0.640625
405.859375,0.687500
406.625000,0.765625
407.390625,0.765625
408.234375,0.843750
408.968750,0.734375
409.781250,0.812500
410.578125,0.796875
418.578125,0.718750
419.312500,0.734375
424.593750,0.765625
425.328125,0.734375
426.046875,0.718750
435.031250,0.765625
435.687500,0.656250
441.000000,0.812500
441.796875,0.796875
442.531250,0.734375
468.906250,0.718750
469.625000,0.718750
480.265625,0.718750
480.875000,0.609375
481.609375,0.734375
482.328125,0.718750
490.437500,0.750000
491.171875,0.734375
491.812500,0.640625
492.468750,0.656250
493.156250,0.687500
493.812500,0.656250
494.437500,0.625000
495.125000,0.687500
495.843750,0.718750
496.562500,0.718750
497.312500,0.750000
498.062500,0.750000
514.640625,0.703125
515.468750,0.828125
516.187500,0.718750
516.921875,0.734375
517.703125,0.781250
518.484375,0.781250
519.281250,0.796875
519.984375,0.703125
520.750000,0.765625
533.718750,0.765625
549.140625,0.765625
567.203125,0.640625
567.875000,0.671875
568.578125,0.703125
576.312500,0.687500
577.031250,0.718750
577.671875,0.640625
578.312500,0.640625
578.968750,0.656250
585.593750,0.781250
586.359375,0.765625
591.328125,0.703125
592.046875,0.718750
592.843750,0.796875
593.531250,0.687500
594.203125,0.671875
594.906250,0.703125
595.625000,0.718750
596.265625,0.640625
596.937500,0.671875
597.625000,0.687500
598.359375,0.734375
599.015625,0.656250
599.671875,0.656250
600.375000,0.703125
601.093750,0.718750
601.765625,0.671875
606.703125,0.734375
607.375000,0.671875
608.046875,0.671875
608.750000,0.703125
609.453125,0.703125
610.125000,0.671875
610.781250,0.656250
611.484375,0.703125
612.281250,0.796875
620.109375,0.781250
620.796875,0.687500
621.515625,0.718750
622.250000,0.734375
635.656250,0.640625
636.390625,0.734375
637.140625,0.750000
652.203125,0.703125
652.953125,0.750000
653.656250,0.703125
657.750000,0.656250
658.406250,0.656250
659.046875,0.640625
659.734375,0.687500
660.484375,0.750000
674.312500,0.718750
675.062500,0.750000
675.781250,0.718750
676.531250,0.750000
677.250000,0.718750
678.031250,0.781250
678.781250,0.750000
679.562500,0.781250
680.234375,0.671875
680.937500,0.703125
681.640625,0.703125
682.359375,0.718750
698.046875,0.750000
698.796875,0.750000
706.843750,0.750000
707.578125,0.734375
708.281250,0.703125
709.000000,0.718750
709.734375,0.734375
710.484375,0.750000
711.218750,0.734375
712.000000,0.781250
712.765625,0.765625
723.375000,0.703125
724.093750,0.718750
724.781250,0.687500
738.140625,0.734375
738.890625,0.750000
739.578125,0.687500
740.343750,0.765625
748.281250,0.640625
748.937500,0.656250
749.640625,0.703125
750.390625,0.750000
751.125000,0.734375
751.828125,0.703125
752.562500,0.734375
753.296875,0.734375
754.000000,0.703125
754.671875,0.671875
755.296875,0.625000
755.937500,0.640625
756.593750,0.656250
757.265625,0.671875
757.953125,0.687500
758.609375,0.656250
759.328125,0.718750
764.765625,0.781250
796.046875,0.656250
796.750000,0.703125
797.421875,0.671875
798.093750,0.671875
798.781250,0.687500
799.468750,0.687500
800.109375,0.640625
800.750000,0.640625
801.406250,0.656250
809.687500,0.687500
816.593750,0.796875
817.390625,0.796875
818.093750,0.703125
822.875000,0.734375
823.531250,0.656250
824.250000,0.718750
825.000000,0.750000
825.765625,0.765625
826.453125,0.687500
827.156250,0.703125
827.843750,0.687500
832.390625,0.703125
847.406250,0.703125
855.875000,0.734375
856.609375,0.734375
857.375000,0.765625
869.484375,0.796875
870.140625,0.656250
870.812500,0.671875
871.531250,0.718750
872.250000,0.718750
873.000000,0.750000
873.687500,0.687500
877.781250,0.718750
878.437500,0.656250
879.093750,0.656250
879.734375,0.640625
880.250000,0.515625
886.500000,0.625000
887.109375,0.609375
887.734375,0.625000
888.406250,0.671875
917.921875,0.765625
918.671875,0.750000
919.375000,0.703125
922.703125,0.640625
923.406250,0.703125
935.328125,0.609375
935.937500,0.609375
936.531250,0.593750
937.140625,0.609375
937.765625,0.625000
938.359375,0.593750
939.000000,0.640625
939.703125,0.703125
952.890625,0.578125
953.562500,0.671875
954.234375,0.671875
955.015625,0.781250
959.484375,0.843750
973.578125,0.734375
974.265625,0.687500
1011.359375,0.718750
1081.734375,0.671875
1082.390625,0.656250
1083.046875,0.656250
1083.656250,0.609375
1084.265625,0.609375
1084.859375,0.593750
1085.359375,0.500000
1254.218750,0.703125
1254.921875,0.703125
1255.703125,0.781250
1256.437500,0.734375
1283.609375,0.703125
1284.312500,0.703125
1285.046875,0.734375
1285.750000,0.703125
1290.562500,0.671875
1291.296875,0.734375
1292.062500,0.765625
1292.843750,0.781250
1293.656250,0.812500
1294.437500,0.781250
1295.218750,0.781250
1295.984375,0.765625
1296.765625,0.781250
1327.093750,0.656250
1327.765625,0.671875
1328.437500,0.671875
1329.140625,0.703125
1329.890625,0.750000
1330.546875,0.656250
1331.281250,0.734375
1331.984375,0.703125
1332.671875,0.687500
1333.359375,0.687500
1345.984375,0.750000
1346.640625,0.656250
1384.375000,0.625000
1385.078125,0.703125
1385.765625,0.687500
1400.109375,0.671875
1411.531250,0.656250
1412.218750,0.687500
1412.921875,0.703125
1413.593750,0.671875
1414.312500,0.718750
1414.984375,0.671875
1415.671875,0.687500
1416.375000,0.703125
1417.093750,0.718750
1417.859375,0.765625
1421.812500,0.640625
1422.484375,0.671875
1451.234375,0.656250
1451.859375,0.625000
1456.625000,0.671875
